3.419031
2.308547
1.349260
1.369387
0.360278
0.038720
3.997134
3.448167
2.928697
3.802287
1.376253
3.446536
-0.860682
-0.184345
5.026986
-0.283379
0.679548
3.882723
0.930371
1.606713
-0.964161
1.893346
2.408575
1.741620
-1.141215
1.610069
1.600438
0.707282
0.958855
2.050642
2.702545
0.785339
0.137067
2.299765
5.537054
1.981561
3.909695
3.181908
1.655359
0.520138
2.069275
3.369964
0.855158
-1.656404
1.356330
1.306287
-0.053049
1.641700
1.627724
0.082147
3.574122
0.844465
0.373920
3.706087
2.813942
3.214084
2.228975
0.251974
0.684792
-2.631132
1.950293
2.129721
0.050751
1.955960
0.027817
2.495239
2.551246
6.643881
2.701617
0.911537 
