5.475435
7.881592
7.612049
7.095278
3.779038
9.038488
7.763766
10.838427
7.991048
4.914760
8.231885
7.520436
9.151092
4.048345
4.698127
7.073043
5.080621
7.878597
3.607742
6.508050
3.382879
7.638866
9.129441
7.496873
5.758585
3.869842
11.333236
3.168452
5.600682
5.600962
5.262810
6.693956
9.454717
5.215524
7.606699
8.921510
8.788598
2.399624
8.184134
9.951695
5.662570
5.404344
5.786808
4.814029
7.524254
7.248278
5.050577
7.920831
7.033411
4.927556
7.900937
4.951818
6.312470
6.508169
7.190289
6.423781
5.273545
8.323366
8.507476
7.820459
6.677672
7.288478
9.104051
7.146781
5.064242
8.793633
7.835662
7.125560
4.342516
5.426504
6.169611
8.565667
6.755893
5.775195
5.700536
10.406369
6.724340
1.518339
5.534127
4.346861 
