3.321616
3.230213
6.036949
4.115059
5.461743
3.628816
5.125806
3.704620
4.459702
6.817607
4.471090
7.741377
7.808181
5.604696
4.176962
4.432776
6.313245
5.333760
6.041098
6.464281
5.005862
0.972246
9.170359
2.184216
5.817812
3.340036
3.311630
4.849810
3.904548
5.400215
6.041569
4.190271
4.533542
7.200089
1.891532
3.750077
6.262100
3.372237
3.180519
1.208247
3.635392
4.783351
3.392211
2.642510
7.405832
4.291907
3.185458
5.697963
2.785998
6.044868
7.729405
5.337202
5.568908
4.722818
7.122862
1.810032
1.504499
6.454447
1.794186
5.882719
6.122592
6.651294
5.637379
7.510686
8.021926
5.069844
4.318566
4.787964
4.068325
6.393807
4.370813
4.386173
3.827519
4.654327
6.349141
3.715020
8.388087
4.673765
4.338284
11.407208
2.799789
7.267698
5.763056
4.809876
5.156206
5.018968
2.895856
5.079935
3.208966
4.432755
6.688213
5.535198
9.094301
6.611771
5.757907
5.716601
5.264032
2.874024
4.945463
8.905156
1.801657
4.234436
3.147089
5.271667
7.480497
3.154395
5.373010
5.814032
4.209405
3.913065
3.022343
5.338124
4.672388
3.491945
4.511113
7.645909
3.349059
2.263301
4.927488
6.607794
6.082632
5.533232
6.126684
4.242048
5.212741
6.530470
4.468210
7.314638
5.364743
2.723713
5.852068
4.179747
4.719788
6.535483
2.722526
5.290407
3.606555
6.259944
6.572443
4.225266
4.804566
6.892998
4.437078
5.375077
3.184400
2.484017
7.768386
5.192553
4.606273
4.006362
4.951279
5.698000
2.938402
6.742470
5.659237
9.605377
5.451370
7.234421
6.795109
3.273140
7.406700
3.891591
4.721334
5.627397
5.315022
5.344052
4.612603
7.576373
3.986793
4.811044
2.697567
5.044239
8.467412
3.921913
4.649411
6.629091
5.434893
2.580901
4.490722
2.925838
3.311515
3.647338
6.726365
5.050962
3.012913
5.685679
5.347365
7.622764
6.634701
4.972016
2.631929
5.858340
3.815174
3.640606
6.609651
6.840672
3.056951
3.597703
4.543295
5.832495