1.341099
2.547708
2.768677
2.404514
3.068362
2.219558
1.323952
4.018654
1.413072
5.024678
2.987020
4.217380
7.132771
1.900790
3.398550
3.698760
2.003058
4.807567
4.087000
3.450280
2.437722
4.741496
2.888158
2.182119
1.317405
2.103297
2.902975
2.789494
3.313822
3.493832
1.327521
2.208230
1.437607
2.438316
4.051993
4.305959
3.006192
4.948542
2.717108
4.699452
2.784814
1.783751
3.093708
0.876907
1.471082
3.016379
3.508902
4.235945
4.463648
2.860239
-0.558637
3.431698
4.068321
1.470964
2.886996
-0.256790
3.132653
2.648190
4.249358
2.389195
5.386302
3.215366
1.572224
4.821029
3.086946
5.954872
4.815975
1.041668
3.662584
3.067876
4.984612
1.862280
3.629787
1.877277
0.855549
2.810570
1.506562
2.609410
2.970114
3.299238
2.611958
2.393077
4.028324
1.858245
2.828396
2.813756
4.901202
3.905962
2.306784
2.862845
2.006207
2.808705
3.211335
4.570778
3.282468
2.908574
2.054321
4.131706
6.377950
0.228986
2.794284
4.190028
1.331953
2.190722
3.546122
4.113597
2.440542
4.602626
1.835431
3.780292
1.953901
3.022897
2.177622
2.251742
2.975959
1.702958
1.312496
0.100179
1.693835
2.236013
3.146129
4.702584
4.086768
4.077212
0.928912
5.095489
2.164177
3.357418
2.615226
4.150487
4.153073
0.459116
3.620066
3.215211
4.322577
4.407588
3.543823
1.775822
2.271882
2.562701
2.887009
4.016038
4.294470
2.829154
3.448130
2.663475
1.613598
5.330724
2.794352
2.324846
6.137326
0.874768
3.371899
4.689808
3.827970
2.860375
2.930194
3.431770
1.606401
1.765843
2.686246
4.474771
2.390430
0.883299
3.508529
4.672122
3.860702
1.666551
1.353055
5.312725
2.183383
1.779836
1.483844
1.753169
2.017249
1.877230
0.750628
-0.346712
1.088532
3.479558
2.002623
5.757836
3.158673
3.426587
3.718517
0.876698
1.687500
2.590734
3.076923
1.505745
3.380569
3.139872
3.798169
4.068854
2.782430
0.052555
4.446209
4.612689
2.411595
2.065850 
